TYPE : TSP
DIMENSION : 20
EDGE_WEIGHT_TYPE : EXPLICIT
EDGE_WEIGHT_FORMAT : FULL_MATRIX
EDGE_WEIGHT_SECTION
0 12489 19827 21765 17189 18623 14456 13816 10508 12766 18289 13027 8739 16268 12980 15385 17643 12702 16649 2149 
12489 0 7340 10418 15507 9162 10356 11128 5072 667 9641 5163 4244 7081 9517 6505 13490 8527 6721 11609 
19827 7340 0 6482 18967 8849 14039 15304 10944 7121 9639 9497 11338 8180 13927 8429 16030 12761 7206 18908 
21765 10418 6482 0 15207 4518 11257 12704 15298 9848 15993 8956 14577 14220 11836 14262 11908 18073 13302 20295 
17189 15507 18967 15207 0 10792 5194 4454 19201 14989 25119 10447 16625 22575 6052 22011 3342 23100 22129 15041 
18623 9162 8849 4518 10792 0 6762 8212 14214 8498 17135 5639 12736 14910 7458 14680 7562 17629 14147 16919 
14456 10356 14039 11257 5194 6762 0 1450 14336 9820 19940 5257 11907 17404 1484 16860 3500 18223 16941 12415 
13816 11128 15304 12704 4454 8212 1450 0 14753 10640 20765 6204 12201 18209 1614 17617 3827 18653 17805 11719 
10508 5072 10944 15298 19201 14214 14336 14753 0 5728 7915 9618 2750 5763 13185 4880 17731 3900 6167 10532 
12766 667 7121 9848 14989 8498 9820 10640 5728 0 10132 4590 4747 7586 9035 7050 12903 9192 7167 11787 
18289 9641 9639 15993 25119 17135 19940 20765 7915 10132 0 14688 10389 2569 19156 3287 22905 6190 3044 18443 
13027 5163 9497 8956 10447 5639 5257 6204 9618 4590 14688 0 7590 12160 4652 11640 8329 13404 11685 11412 
8739 4244 11338 14577 16625 12736 11907 12201 2750 4747 10389 7590 0 8023 10671 7173 15366 6549 8196 8335 
16268 7081 8180 14220 22575 14910 17404 18209 5763 7586 2569 12160 8023 0 16598 883 20417 5232 984 16242 
12980 9517 13927 11836 6052 7458 1484 1614 13185 9035 19156 4652 10671 16598 0 16004 4910 17084 16202 10949 
15385 6505 8429 14262 22011 14680 16860 17617 4880 7050 3287 11640 7173 883 16004 0 19939 4588 1542 15367 
17643 13490 16030 11908 3342 7562 3500 3827 17731 12903 22905 8329 15366 20417 4910 19939 0 21598 19870 15544 
12702 8527 12761 18073 23100 17629 18223 18653 3900 9192 6190 13404 6549 5232 17084 4588 21598 0 6112 13274 
16649 6721 7206 13302 22129 14147 16941 17805 6167 7167 3044 11685 8196 984 16202 1542 19870 6112 0 16501 
2149 11609 18908 20295 15041 16919 12415 11719 10532 11787 18443 11412 8335 16242 10949 15367 15544 13274 16501 0 
EOF
