TYPE : TSP
DIMENSION : 20
EDGE_WEIGHT_TYPE : EXPLICIT
EDGE_WEIGHT_FORMAT : FULL_MATRIX
EDGE_WEIGHT_SECTION
0 6330000 6320000 6330000 5000000 5000000 5010000 5010000 1410000 1410000 1410000 1430000 9530000 1410000 1000000 1010000 1000000 1030000 980000 1000000 
6330000 0 10000 10000 1590000 1600000 1590000 1590000 5250000 5250000 5260000 5240000 3230000 5230000 6250000 6240000 6250000 6230000 6200000 6200000 
6320000 10000 0 10000 1590000 1600000 1590000 1590000 5240000 5240000 5250000 5230000 3240000 5220000 6240000 6230000 6240000 6220000 6190000 6190000 
6330000 10000 10000 0 1600000 1610000 1590000 1600000 5250000 5250000 5260000 5240000 3230000 5230000 6250000 6240000 6250000 6230000 6200000 6200000 
5000000 1590000 1590000 1600000 0 10000 10000 10000 4120000 4120000 4130000 4110000 4760000 4100000 5100000 5090000 5100000 5080000 5040000 5050000 
5000000 1600000 1600000 1610000 10000 0 10000 10000 4120000 4120000 4130000 4120000 4770000 4100000 5100000 5090000 5100000 5090000 5050000 5050000 
5010000 1590000 1590000 1590000 10000 10000 0 10000 4130000 4130000 4140000 4120000 4750000 4110000 5110000 5100000 5110000 5090000 5050000 5060000 
5010000 1590000 1590000 1600000 10000 10000 10000 0 4130000 4130000 4140000 4130000 4760000 4110000 5110000 5100000 5110000 5100000 5060000 5060000 
1410000 5250000 5240000 5250000 4120000 4120000 4130000 4130000 0 10000 10000 10000 8370000 30000 1000000 990000 1000000 980000 950000 950000 
1410000 5250000 5240000 5250000 4120000 4120000 4130000 4130000 10000 0 10000 20000 8370000 20000 1000000 990000 1000000 980000 950000 950000 
1410000 5260000 5250000 5260000 4130000 4130000 4140000 4140000 10000 10000 0 20000 8380000 40000 990000 980000 990000 970000 940000 940000 
1430000 5240000 5230000 5240000 4110000 4120000 4120000 4130000 10000 20000 20000 0 8360000 30000 1010000 1000000 1010000 990000 960000 960000 
9530000 3230000 3240000 3230000 4760000 4770000 4750000 4760000 8370000 8370000 8380000 8360000 0 8350000 9360000 9350000 9360000 9340000 9320000 9310000 
1410000 5230000 5220000 5230000 4100000 4100000 4110000 4110000 30000 20000 40000 30000 8350000 0 1020000 1010000 1020000 1000000 970000 970000 
1000000 6250000 6240000 6250000 5100000 5100000 5110000 5110000 1000000 1000000 990000 1010000 9360000 1020000 0 10000 0 40000 50000 50000 
1010000 6240000 6230000 6240000 5090000 5090000 5100000 5100000 990000 990000 980000 1000000 9350000 1010000 10000 0 10000 20000 50000 40000 
1000000 6250000 6240000 6250000 5100000 5100000 5110000 5110000 1000000 1000000 990000 1010000 9360000 1020000 0 10000 0 40000 50000 50000 
1030000 6230000 6220000 6230000 5080000 5090000 5090000 5100000 980000 980000 970000 990000 9340000 1000000 40000 20000 40000 0 60000 40000 
980000 6200000 6190000 6200000 5040000 5050000 5050000 5060000 950000 950000 940000 960000 9320000 970000 50000 50000 50000 60000 0 20000 
1000000 6200000 6190000 6200000 5050000 5050000 5060000 5060000 950000 950000 940000 960000 9310000 970000 50000 40000 50000 40000 20000 0 
EOF
