TYPE : TSP
DIMENSION : 20
EDGE_WEIGHT_TYPE : EXPLICIT
EDGE_WEIGHT_FORMAT : FULL_MATRIX
EDGE_WEIGHT_SECTION
0 12721 5006 17233 12848 8329 9139 14222 19530 16480 16398 11441 5329 10207 18696 9829 11912 20869 13688 4803 
12721 0 15033 10820 13983 7039 9147 1802 12751 12248 5997 13207 7824 7510 9913 3595 17689 14327 16680 11091 
5006 15033 0 16139 9691 8690 8095 16762 18246 14669 17062 8405 7309 9857 18336 13006 7238 19335 9660 9751 
17233 10820 16139 0 8325 9052 8245 11873 2329 2659 5873 8789 12400 7052 3194 13219 13838 3827 10956 18552 
12848 13983 9691 8325 0 7732 5332 15673 9831 5988 12202 1408 10125 6511 11351 14353 5526 10503 2883 16140 
8329 7039 8690 9052 7732 0 2410 8840 11378 8816 8438 6648 3361 2055 10370 6651 10690 12810 10097 9657 
9139 9147 8095 8245 5332 2410 0 10925 10484 7349 9248 4243 5092 1960 10244 9058 8579 11761 7707 11406 
14222 1802 16762 11873 15673 8840 10925 0 13626 13544 6496 14942 9502 9244 10523 4607 19480 15175 18404 12150 
19530 12751 18246 2329 9831 11378 10484 13626 0 3845 7267 10524 14728 9370 3522 15369 15338 1585 12203 20873 
16480 12248 14669 2659 5988 8816 7349 13544 3845 0 8119 6707 12132 6772 5853 14094 11503 4685 8444 18469 
16398 5997 17062 5873 12202 8438 9248 6496 7267 8119 0 12024 11070 7313 4027 9268 17195 8767 15083 16138 
11441 13207 8405 8789 1408 6648 4243 14942 10524 6707 12024 0 8823 5699 11647 13299 5217 11352 3485 14763 
5329 7824 7309 12400 10125 3361 5092 9502 14728 12132 11070 8823 0 5410 13522 5769 11614 16170 11980 6356 
10207 7510 9857 7052 6511 2055 1960 9244 9370 6772 7313 5699 5410 0 8630 8021 10418 10779 9169 11709 
18696 9913 18336 3194 11351 10370 10244 10523 3522 5853 4027 11647 13522 8630 0 12939 16806 4875 14068 19245 
9829 3595 13006 13219 14353 6651 9058 4607 15369 14094 9268 13299 5769 8021 12939 0 17029 16951 16740 7567 
11912 17689 7238 13838 5526 10690 8579 19480 15338 11503 17195 5217 11614 10418 16806 17029 0 15919 3487 16290 
20869 14327 19335 3827 10503 12810 11761 15175 1585 4685 8767 11352 16170 10779 4875 16951 15919 0 12638 22365 
13688 16680 9660 10956 2883 10097 7707 18404 12203 8444 15083 3485 11980 9169 14068 16740 3487 12638 0 17547 
4803 11091 9751 18552 16140 9657 11406 12150 20873 18469 16138 14763 6356 11709 19245 7567 16290 22365 17547 0 
EOF
