100
150
17651
1.000000
0.100000
58.060783
0.0000 83.2780 80.2120 24.5390 90.3750 39.9570 89.3410 58.7400 27.9620 45.7330 92.1070 27.0030 48.1480 60.3750 39.0550 64.6040 43.3850 93.5280 36.6470 43.8250 82.2230 19.4790 42.7610 23.5820 73.5200 35.5580 80.8450 42.5610 49.1930 89.7820 35.6590 28.7230 47.8240 19.6200 86.0540 49.2210 49.1410 39.3450 48.8770 51.3410 84.0930 63.2900 42.5440 69.1810 68.9960 79.2700 46.7070 31.6920 27.2520 93.1930 62.5480 67.2030 56.1920 44.7520 74.4300 13.9670 35.4740 86.9510 45.6890 44.5750 81.5180 75.7890 25.8170 51.3820 45.1140 50.3230 31.0460 85.8830 5.8110 52.7600 87.8300 26.2760 8.6490 8.7270 44.6020 53.2990 31.2980 54.8280 31.5800 88.7650 87.6380 63.6760 74.8380 88.7540 51.8770 53.0080 19.1430 23.8410 87.1900 33.6200 52.8590 75.4480 49.9370 5.6210 70.8500 50.4220 26.2440 33.5620 90.6670 38.2360 
83.2780 0.0000 36.6450 61.6000 12.4100 43.8630 44.3500 36.1550 57.6330 70.8100 65.4730 72.1850 45.7280 33.3680 76.5630 21.8690 106.1520 12.2080 49.0510 111.8220 20.5060 70.1350 86.5260 72.1850 9.7780 48.2720 12.8130 98.4690 61.1950 71.8140 70.1800 85.6040 35.4750 64.8450 48.6000 89.6340 35.0250 96.0980 45.1950 75.1220 32.0170 29.5600 59.3650 26.1570 39.8570 59.9670 105.0280 83.2720 56.4090 15.8720 41.6980 17.7510 71.1790 40.3890 28.5090 94.3520 70.6740 75.2580 77.3900 52.3590 23.3770 74.3150 57.8540 82.8680 63.5850 36.0420 52.8450 15.9950 88.3120 59.9580 9.5600 57.4050 88.8420 79.5610 76.2320 36.0530 67.5610 54.2340 83.7750 6.4140 30.3290 20.4630 23.0940 10.8920 51.8530 48.5640 84.4560 85.6480 9.0000 77.9630 67.6340 39.2570 34.4920 83.7780 56.4760 45.5270 58.7460 59.3120 7.5210 84.4910 
80.2120 36.6450 0.0000 66.9300 48.7840 51.3170 10.6330 21.9820 63.6430 88.1020 28.9460 58.7750 63.6790 21.1790 56.6110 26.3080 87.1190 46.9430 44.5750 94.1590 55.6330 61.7940 100.4710 79.7110 34.3650 47.7230 23.8470 78.2420 80.5870 35.2200 83.2880 94.2480 43.3790 67.3190 12.3250 65.6910 37.2250 76.8310 31.3450 94.0760 6.6500 54.9760 41.3220 55.1220 68.7380 24.1320 84.3350 93.4890 59.5010 52.0350 67.5960 42.0290 43.8380 38.5160 60.2110 86.7950 53.2460 39.0170 54.4400 36.5590 58.0790 40.1390 56.1250 100.6540 42.6310 33.1090 57.5470 52.3270 83.5380 35.5570 46.1310 60.2970 82.4430 73.3530 92.4830 55.0650 53.2300 76.3580 93.8680 41.7550 11.0380 31.0550 14.7450 29.8810 72.5950 28.4740 89.3840 92.3080 30.3810 60.3760 42.0080 5.6730 36.1510 78.2200 23.2300 29.9020 63.6430 47.4850 38.2180 97.0740 
24.5390 61.6000 66.9300 0.0000 67.2850 17.9430 77.1820 45.1050 3.9670 29.0600 85.6240 33.3970 23.6790 45.7610 46.1750 45.8720 62.8530 70.8490 23.6160 65.2350 58.1590 24.3740 35.4500 12.8190 52.1050 19.4000 61.5710 59.1720 28.3090 85.6800 20.0560 27.3230 26.8670 5.4460 75.5430 60.2110 30.7160 55.8900 38.1720 35.7640 69.2340 39.0030 39.6290 44.9240 44.5870 73.2070 64.7510 26.8670 7.6010 69.8730 38.1850 44.4990 57.7750 28.4190 49.9750 38.1290 39.8180 84.4870 51.9350 37.5270 57.2720 75.1390 13.9430 39.3760 44.4900 33.9500 9.5790 62.2160 30.3120 49.7930 64.9460 7.0040 32.4030 25.4250 30.8710 29.0420 33.9180 32.0190 27.1950 66.5390 72.0030 43.6510 57.9840 68.5980 28.4890 44.6240 23.3700 25.6040 66.8330 42.6130 53.3850 63.2720 31.7360 27.5390 64.7440 40.1920 3.2940 29.7980 69.1170 31.3940 
90.3750 12.4100 48.7840 67.2850 0.0000 50.4180 55.8940 47.9310 63.3760 71.4940 77.4310 82.0450 48.0430 45.1750 87.4660 33.1020 116.4280 5.0030 58.2540 121.7530 13.9010 79.0140 87.9160 76.5460 19.7110 56.6290 24.9730 109.0660 61.4980 84.0010 72.6170 89.0010 43.0330 71.2020 60.5270 100.9570 44.2140 106.5520 56.3170 74.8650 43.7790 30.4310 70.4260 25.2540 36.6050 72.3150 115.6320 86.1960 63.1310 3.5430 40.2520 23.2080 83.1360 49.8290 24.5770 102.2940 81.3020 87.5700 88.7290 63.3740 16.7960 86.7220 65.7870 82.8070 74.9240 46.2060 59.3680 7.5910 95.7040 71.7810 3.0600 64.1130 96.6370 87.5930 77.0990 39.2150 77.7440 53.7020 86.7240 7.2360 41.5830 30.6250 35.4960 20.3490 52.2210 60.2610 89.1480 89.7250 19.1010 88.4400 79.4560 51.6110 43.8870 91.5090 68.8820 56.8600 64.7580 69.3610 12.0830 86.4850 
39.9570 43.8630 51.3170 17.9430 50.4180 0.0000 61.8670 30.5010 14.0200 37.5070 73.3470 37.0410 17.2250 30.4190 47.1640 28.3000 70.9550 53.6380 15.4010 74.9420 42.9050 30.9780 49.1600 29.7250 34.2640 10.4870 43.7110 65.2800 31.6680 74.9220 31.9720 44.0870 8.9910 21.0020 61.1940 62.0540 14.0950 62.2450 26.9160 43.9040 52.7640 25.0560 34.5380 30.5880 35.0680 61.7430 71.5580 42.7330 12.7200 53.2520 29.6780 27.2630 53.0130 14.2330 36.6130 52.1720 40.1840 74.8660 51.3560 29.5630 42.6060 67.2680 16.4870 49.8290 40.1050 18.5660 9.0150 46.0960 45.3240 42.6930 47.8890 13.7070 46.4440 37.7020 41.4450 15.7710 34.7580 30.5460 43.1570 49.0440 55.1420 25.7680 40.8820 50.6560 26.2410 34.1130 41.2410 43.1090 48.8930 45.5970 48.3980 48.4280 15.1680 41.3070 53.7740 28.9400 14.9360 27.2820 51.3600 45.8540 
89.3410 44.3500 10.6330 77.1820 55.8940 61.8670 0.0000 32.0810 73.9810 98.7320 22.2340 66.5460 74.2890 31.5680 62.6890 36.7510 92.5220 53.3320 54.4270 99.8390 64.2270 70.4870 110.9980 89.9900 43.6180 57.8640 31.7180 83.4730 91.2080 30.1040 93.8370 104.5030 54.0020 77.3290 6.6770 69.9540 47.7860 82.4120 40.6060 104.7090 12.4360 65.1180 48.8440 64.8980 78.7100 22.4620 89.2540 103.8540 69.6900 58.9000 77.8530 51.9150 47.6950 48.8290 69.6730 95.0530 60.2390 35.0950 59.5760 44.9960 66.8370 39.3650 65.9290 111.2790 49.1840 43.5370 67.8830 60.3270 92.3440 41.4460 53.5050 70.4580 90.9910 82.1170 103.0950 65.5960 61.0170 86.8970 104.2230 48.6780 14.4070 41.4140 24.4860 35.8610 83.1680 36.6040 99.3630 102.4180 36.8470 67.0110 46.8160 14.0410 46.7140 86.9940 25.3580 38.9510 73.9060 56.0840 44.4550 107.5520 
58.7400 36.1550 21.9820 45.1050 47.9310 30.5010 32.0810 0.0000 41.9530 67.9540 43.2740 39.7810 45.0450 2.7940 41.3160 15.1160 71.7600 48.3570 22.6300 78.0810 49.0550 41.0680 79.2800 57.9180 28.5530 25.7920 27.1210 63.5310 61.3860 45.9430 62.2550 72.4230 23.7960 45.3420 30.7610 53.6620 16.8890 61.4720 10.7880 74.2460 25.3550 41.0970 24.1570 43.3890 55.0760 32.5430 70.0160 71.8270 37.6110 51.4720 52.2500 31.2020 35.2470 16.8370 49.6220 66.4010 36.1810 47.0380 41.4420 17.6220 50.6410 42.1470 34.1800 80.3270 27.7330 11.9450 35.8600 48.2260 62.4220 23.8510 44.8750 38.3830 61.6750 52.3730 71.9400 37.9090 34.4540 58.4530 72.1880 42.5490 28.9720 19.0100 17.6400 35.8510 54.3580 12.4160 67.4050 70.3690 35.0410 43.6300 31.5270 18.1940 15.8890 57.1850 25.6080 10.2240 41.8340 27.3260 41.5240 75.6970 
27.9620 57.6330 63.6430 3.9670 63.3760 14.0200 73.9810 41.9530 0.0000 29.7190 83.1230 33.9380 20.7380 42.4650 46.3200 42.0880 64.7710 66.9100 21.1850 67.5300 54.4270 25.3950 37.7900 16.1360 48.1420 16.5550 57.7000 60.6130 27.5900 83.5140 21.5440 30.6780 22.9770 8.3720 72.5580 60.6880 27.0840 57.3640 35.5990 36.4700 65.7510 35.3600 38.3290 41.2670 41.6230 70.8470 66.3840 29.8760 5.5280 65.9910 35.3060 40.5480 56.7700 25.1520 46.4700 41.3010 39.7230 82.5670 51.7940 35.5910 53.6150 73.5670 13.0120 40.7770 43.4200 30.5620 6.0990 58.3850 33.6740 48.2110 61.0190 5.4500 35.5360 28.0110 32.1880 25.3730 33.8080 30.3120 30.2420 62.5790 68.4280 39.7670 54.3340 64.6690 26.5130 42.2810 27.2300 29.2700 62.8960 43.1670 52.2920 60.1470 28.1210 30.5560 62.4550 37.6480 1.9570 28.8060 65.1500 33.9440 
45.7330 70.8100 88.1020 29.0600 71.4940 37.5070 98.7320 67.9540 29.7190 0.0000 110.8240 62.2110 25.5730 67.6800 75.1570 62.9820 88.6340 76.1520 50.1300 89.5470 58.6660 52.9060 16.7340 22.2530 63.2480 45.0230 75.7530 86.3530 10.0560 112.0820 10.1490 23.8240 44.7400 33.3840 98.5150 88.9260 51.2200 83.0410 63.8200 6.7510 88.6680 41.5380 68.0250 46.2570 37.0860 99.0500 91.3590 19.6540 35.2450 72.8940 31.7600 53.4870 86.4880 51.6530 47.9090 59.1840 68.8720 111.5990 80.9880 64.8880 56.4880 103.0480 42.6400 12.5990 73.1390 56.0100 34.6150 64.5030 50.9690 77.7520 70.1690 35.1180 54.3420 50.6940 5.6390 35.3360 62.9770 18.3060 20.1620 73.6910 90.3670 59.0500 76.0880 80.4510 19.2780 70.8650 30.3800 27.5580 78.4570 71.3480 82.0100 85.6630 52.2720 50.7390 90.9020 65.8860 31.0750 58.5100 77.8310 16.5950 
92.1070 65.4730 28.9460 85.6240 77.4310 73.3470 22.2340 43.2740 83.1230 110.8240 0.0000 66.1460 88.3090 44.1650 58.1840 53.4670 84.6160 75.1940 62.0200 92.3100 84.5530 72.6330 120.9120 98.1990 63.1380 66.6000 52.6610 75.5730 104.6190 8.8460 104.3500 112.1950 67.0700 84.3780 16.9030 60.7220 60.1440 75.3720 47.5230 117.2500 33.6890 82.3950 49.5740 83.2470 96.4050 12.8440 80.3960 112.3600 78.0590 80.5730 94.5140 70.1310 39.9890 59.1710 88.6720 94.6270 58.2620 14.8790 53.1550 48.7840 86.9590 23.8900 72.5340 122.9970 47.4050 55.0580 77.2570 81.2500 93.8350 39.4510 74.8790 78.6210 91.6570 83.8800 114.4880 80.8050 61.1160 101.6600 112.6460 70.2890 36.4720 58.3420 43.5020 57.7730 97.6020 41.0490 105.5360 109.2540 58.5950 63.5230 41.3430 27.8560 59.1560 88.5760 21.3550 45.4770 82.5460 59.0380 66.3360 116.9900 
27.0030 72.1850 58.7750 33.3970 82.0450 37.0410 66.5460 39.7810 33.9380 62.2110 66.1460 0.0000 52.5400 42.1680 13.2020 50.6940 34.6090 83.9430 24.1000 39.7140 77.8150 9.5010 65.0830 41.8420 62.7800 27.2080 65.9670 28.2770 61.4760 63.1610 52.5870 52.6530 40.6210 28.8310 62.2630 26.8180 37.8810 25.3210 28.9970 68.8060 63.8390 61.6720 17.7110 66.7980 72.0250 53.4230 34.6460 54.4400 29.0880 85.3660 66.3620 59.8420 29.1920 32.2330 73.1310 28.7780 8.4730 60.0690 19.5840 22.4720 78.1140 48.8000 21.7630 71.3870 18.7410 36.1430 31.7930 79.6300 27.8300 26.7740 79.1090 28.7370 25.5120 18.3270 63.2500 52.7960 5.5490 63.9570 54.5180 78.4220 67.9330 51.7830 57.3830 74.6170 59.9380 30.3010 43.9430 48.4340 73.4770 9.2360 25.9210 53.4100 38.1610 22.7140 45.2920 29.7490 32.1450 12.9210 78.8190 60.5380 
48.1480 45.7280 63.6790 23.6790 48.0430 17.2250 74.2890 45.0450 20.7380 25.5730 88.3090 52.5400 0.0000 44.2330 63.6580 37.8860 85.0520 52.3480 32.5880 88.1290 36.7320 45.0490 40.8080 29.4120 37.7650 27.5220 50.1800 80.2910 16.9810 90.7020 24.6570 41.0010 21.2670 28.9460 74.7310 78.4940 28.2600 77.1190 43.5170 30.8330 63.6690 17.6770 51.7500 23.3320 20.9170 77.3540 86.3070 38.1570 24.0210 50.0090 14.5680 28.1310 70.2380 30.5130 27.2540 61.8080 56.7160 91.1190 68.2210 46.7260 35.2720 84.0880 30.8200 38.0630 57.3090 33.4780 20.8230 41.7760 53.9450 59.8210 46.2770 24.6520 56.0800 48.7480 30.7570 9.8010 51.0520 13.5890 38.6830 49.1980 65.1100 33.7110 50.9460 55.0300 9.3630 50.7090 42.0660 42.0490 53.0490 61.5120 65.6220 61.8410 29.2070 51.1830 69.7580 45.4660 22.6670 44.1030 52.9650 38.8190 
60.3750 33.3680 21.1790 45.7610 45.1750 30.4190 31.5680 2.7940 42.4650 67.6800 44.1650 42.1680 44.2330 0.0000 44.0350 12.4990 74.4210 45.5670 23.9400 80.6870 46.5530 43.0650 79.4660 58.5350 25.8620 26.6490 24.4040 66.2370 60.7910 47.3070 62.3470 73.0740 23.1310 46.3160 30.8350 56.4510 16.4610 64.1470 13.2060 73.8710 23.8970 39.2940 26.8430 41.3160 53.3290 33.9300 72.7320 72.3190 38.3650 48.7170 50.7570 28.9060 37.9760 17.3430 47.4630 68.4200 38.8070 48.7020 44.2280 20.2020 48.2070 44.3030 35.4320 80.1330 30.5060 11.9710 36.3680 45.5810 64.2170 26.6170 42.1210 39.1800 63.5950 54.2430 71.8220 36.6830 36.9030 57.5080 72.6950 39.7590 27.2710 16.6070 15.2250 33.1410 53.4800 15.2090 68.3720 71.1940 32.2980 46.2530 34.2950 18.0140 15.4080 59.0230 27.4030 12.8470 42.4720 29.5700 38.7370 75.9880 
39.0550 76.5630 56.6110 46.1750 87.4660 47.1640 62.6890 41.3160 46.3200 75.1570 58.1840 13.2020 63.6580 44.0350 0.0000 54.6960 30.7280 88.6870 32.4380 37.5680 85.1160 22.7010 78.2750 55.0350 67.7800 36.7430 68.4340 22.2360 73.9010 53.8640 65.6540 65.7090 48.8650 41.8450 57.4690 14.8900 44.5860 20.3810 31.3870 81.7980 62.4840 70.6330 17.2470 75.2750 82.1170 46.0410 28.7010 67.5950 41.1590 90.9260 76.8420 66.6250 18.6270 39.0610 81.7770 37.4760 6.9800 49.9670 6.6340 24.2060 85.8110 38.1830 33.5680 84.5470 14.0900 41.4750 43.3860 86.0850 38.7370 21.2630 84.4370 40.9520 35.7230 30.3610 76.3620 62.5490 12.6570 75.7710 67.6620 82.9590 66.8530 56.8510 58.5810 77.1670 71.6300 29.5330 56.8240 61.3830 76.3270 5.7090 16.8890 50.9620 44.5710 34.1290 38.8090 31.2590 44.6290 20.0140 82.5370 73.7260 
64.6040 21.8690 26.3080 45.8720 33.1020 28.3000 36.7510 15.1160 42.0880 62.9820 53.4670 50.6940 37.8860 12.4990 54.6960 0.0000 84.3710 34.0020 28.5700 90.1760 34.1080 49.5420 76.5790 58.0130 13.5030 29.0630 16.2420 76.6140 54.8660 57.8130 59.3660 72.3820 19.3880 47.8480 38.1290 67.9040 15.5720 74.2730 23.3450 68.6350 25.7840 28.9630 37.5130 29.9630 42.9420 44.6920 83.1710 70.9180 39.3130 36.6260 41.3700 17.0230 50.3130 19.9900 35.7730 74.4720 48.8290 59.8980 55.6650 30.4950 35.8560 56.4350 38.7880 75.5800 41.8530 14.8370 36.3520 33.1100 69.1650 38.8270 30.0440 40.2660 69.1990 59.7780 67.7230 28.8920 45.8940 50.1850 71.3570 28.2630 27.4130 4.8760 13.1060 24.3970 46.5370 27.2380 69.2300 71.3390 23.0330 56.1480 46.4790 25.6740 14.7030 64.2870 39.0800 23.7760 42.6660 37.7740 28.1530 73.6230 
43.3850 106.1520 87.1190 62.8530 116.4280 70.9550 92.5220 71.7600 64.7710 88.6340 84.6160 34.6090 85.0520 74.4210 30.7280 84.3710 0.0000 118.1000 58.7090 7.7360 112.4140 40.1600 85.8510 66.3970 96.9680 61.6130 98.7960 9.1160 90.6650 78.5020 78.4850 71.5450 75.1890 57.4580 86.8720 23.9540 72.4010 10.3470 61.4320 94.5240 93.1170 95.9110 47.6110 101.1940 105.3980 73.7290 5.4990 74.8590 61.0350 119.7920 99.4070 94.4340 45.3740 66.7390 107.4380 32.0260 35.6550 73.3360 32.9460 54.2720 112.6680 61.5990 54.7280 94.7600 44.8100 70.2700 64.3990 114.2110 39.0570 51.5680 113.4580 60.4040 35.2600 38.0740 87.9060 86.6820 38.6850 94.8650 74.6970 112.4800 97.5110 85.9410 89.1950 107.5340 91.2330 60.2260 61.9600 66.5180 106.5950 28.2500 45.7100 81.4500 72.6260 38.0340 67.6670 61.5740 62.8180 47.0720 112.4780 81.4010 
93.5280 12.2080 46.9430 70.8490 5.0030 53.6380 53.3320 48.3570 66.9100 76.1520 75.1940 83.9430 52.3480 45.5670 88.6870 34.0020 118.1000 0.0000 60.4530 123.6400 18.9020 81.4150 92.4940 80.4970 21.1630 59.2060 23.5440 110.5190 66.1880 82.0930 76.9840 93.2020 45.8540 74.5680 58.3220 101.8330 46.3610 108.1030 57.3460 79.6500 41.5220 34.8600 71.5150 29.8990 41.5660 70.8280 117.0830 90.4930 66.3520 6.1370 45.0820 26.4020 83.3160 51.8810 29.5310 105.1390 82.7190 85.9350 89.5890 64.4940 21.7980 85.7540 68.5690 87.5790 75.7820 47.8540 62.6410 12.5940 98.7560 72.1410 6.0720 67.3420 99.5340 90.3810 81.7400 43.2810 79.4470 58.4780 91.0170 5.8100 38.9290 32.1780 34.4940 17.4710 56.8750 60.7680 93.0400 93.7710 16.6170 89.9640 79.8140 50.2280 45.9330 94.4250 67.9470 57.7160 68.2150 71.1320 8.8770 90.9600 
36.6470 49.0510 44.5750 23.6160 58.2540 15.4010 54.4270 22.6300 21.1850 50.1300 62.0200 24.1000 32.5880 23.9400 32.4380 28.5700 58.7090 60.4530 0.0000 63.6320 53.7320 21.1070 58.9250 36.2970 39.4010 5.2500 44.7010 52.0860 45.8770 62.3410 42.6580 50.5670 16.6550 22.9690 52.2700 47.2650 14.0920 49.2710 14.5670 56.8150 47.8270 38.2360 19.1690 43.0540 49.8100 49.6730 58.5630 50.4370 16.0390 61.5070 44.7880 35.7720 37.7460 8.6890 49.5000 45.9060 25.5100 61.5330 36.1700 14.8140 54.0990 52.9980 11.5520 61.7350 24.7210 13.8470 15.5790 55.5660 40.8460 27.8810 55.3750 16.6220 40.6810 31.2490 53.1420 30.2010 20.6080 45.7130 50.7450 55.1030 51.1760 28.6290 38.1910 52.9660 41.4170 21.0970 44.9470 48.1300 51.5680 31.6770 33.1330 40.3920 14.5610 35.8380 41.2700 16.5770 20.5270 12.4440 56.0530 54.9700 
43.8250 111.8220 94.1590 65.2350 121.7530 74.9420 99.8390 78.0810 67.5300 89.5470 92.3100 39.7140 88.1290 80.6870 37.5680 90.1760 7.7360 123.6400 63.6320 0.0000 117.0730 43.9660 85.3150 67.3360 102.4770 66.0930 104.9690 16.7440 92.4010 86.2340 79.4470 70.9290 79.8370 59.7900 94.2820 31.6830 77.5620 17.4280 67.5700 95.1410 100.0510 99.9960 54.0390 105.4420 108.7750 81.3330 12.7220 74.5070 64.2680 125.0630 102.6310 99.3930 52.9320 71.9280 111.5530 31.0270 41.9060 81.0720 40.3110 60.4850 117.1630 69.3340 58.4990 94.7270 51.6360 75.8010 67.8130 119.1840 38.8480 58.6720 118.8220 63.5530 35.2760 39.8850 88.3360 90.5180 44.2840 97.1650 74.2920 118.0930 104.4140 91.4670 95.6330 113.6920 93.7230 66.8510 61.5040 65.8900 112.6780 34.4590 53.0800 88.5010 77.8660 38.8910 75.1320 67.8590 65.5750 52.5170 118.3290 80.9880 
82.2230 20.5060 55.6330 58.1590 13.9010 42.9050 64.2270 49.0550 54.4270 58.6660 84.5530 77.8150 36.7320 46.5530 85.1160 34.1080 112.4140 18.9020 53.7320 117.0730 0.0000 73.3320 75.2870 66.0200 21.6860 50.9830 32.5520 105.7550 48.6120 90.1960 60.7550 77.5680 37.2510 62.6470 67.8950 99.3890 40.5390 102.9880 55.3440 61.6080 51.7920 19.3150 68.8140 13.4430 22.8390 77.6290 112.2610 74.4740 55.2180 14.4400 27.0010 18.5870 83.7960 46.1240 10.9200 94.9590 78.4990 93.0110 87.3900 61.8830 3.0100 90.4250 59.2130 69.5730 73.8610 43.9330 51.3790 6.3150 87.8040 72.1890 13.8990 56.1500 89.1990 80.5970 64.3030 29.1410 74.1760 40.5590 75.0130 19.0260 50.5660 30.0820 41.0980 31.0870 39.5350 60.6090 78.6990 78.7790 29.3460 85.1960 79.6960 57.2430 40.5500 84.0750 72.8470 56.3600 56.0360 65.7860 24.2670 74.1920 
19.4790 70.1350 61.7940 24.3740 79.0140 30.9780 70.4870 41.0680 25.3950 52.9060 72.6330 9.5010 45.0490 43.0650 22.7010 49.5420 40.1600 81.4150 21.1070 43.9660 73.3320 0.0000 55.6100 32.3410 60.4490 22.4790 65.5160 35.3110 52.6510 70.4610 43.1860 43.3730 36.2730 19.5440 66.8910 36.0200 35.1190 32.1020 30.6030 59.4550 66.1780 56.0300 23.0660 61.4900 65.2430 59.7940 41.2590 45.0270 21.0720 82.1800 59.2940 56.1220 37.7310 29.7950 67.5870 25.3550 17.3730 67.8540 29.0210 25.4970 73.3010 56.9840 14.5870 61.9040 25.8630 34.7100 24.2820 75.8080 21.8640 33.3360 76.1950 20.5410 20.6690 11.6350 53.8040 46.6080 12.2650 55.6910 45.1190 76.1380 69.9860 49.7330 58.1090 73.9170 51.8130 33.9220 34.9130 39.3000 72.5740 18.4600 34.0210 56.7790 35.6470 16.5090 51.3720 31.9050 23.5090 14.4040 77.1600 51.0750 
42.7610 86.5260 100.4710 35.4500 87.9160 49.1600 110.9980 79.2800 37.7900 16.7340 120.9120 65.0830 40.8080 79.4660 78.2750 76.5790 85.8510 92.4940 58.9250 85.3150 75.2870 55.6100 0.0000 23.6500 78.4620 54.3330 90.4390 85.3000 26.7500 121.1280 17.2420 14.3860 57.4750 37.7900 110.0310 90.6440 63.2540 82.0630 73.3890 16.3040 101.7900 57.6900 74.6860 62.6630 53.8150 108.5940 89.4160 11.0770 42.9180 89.4330 48.4590 68.9290 92.2580 62.4720 64.5850 54.2960 72.8140 119.8900 84.6300 72.9680 73.1630 110.3020 49.1760 10.8800 79.2210 67.5080 43.7170 81.0430 46.7990 85.0410 86.4700 42.4260 50.5920 49.9050 11.1370 50.5590 67.2090 35.0390 11.1830 89.7740 103.9150 73.0870 89.5700 95.7580 35.7690 80.0080 23.8970 19.4250 93.7910 73.6230 88.0520 97.4110 64.3280 48.3430 100.1610 75.4350 38.4150 64.6650 93.7130 4.5880 
23.5820 72.1850 79.7110 12.8190 76.5460 29.7250 89.9900 57.9180 16.1360 22.2530 98.1990 41.8420 29.4120 58.5350 55.0350 58.0130 66.3970 80.4970 36.2970 67.3360 66.0200 32.3410 23.6500 0.0000 63.0140 32.2140 73.3390 64.3680 26.0190 97.9550 12.1180 14.5480 38.7000 14.1870 88.3530 68.0170 43.1970 61.0620 50.8620 28.1960 81.8870 46.7520 51.1090 52.5770 48.9280 85.6830 69.2140 14.1610 20.3870 78.8160 42.4870 54.6060 68.6100 41.1950 56.6500 37.2830 49.3340 96.4900 61.2680 49.7500 64.6640 86.7210 25.8220 29.6540 55.5790 46.6720 22.1970 70.7690 29.0020 61.5280 74.4680 19.7070 32.2260 28.5690 21.8760 37.3490 43.6520 32.5460 14.4540 76.6460 84.5480 55.4040 70.4160 79.9370 30.3190 57.1520 12.6800 13.4990 78.0980 50.6610 64.4040 76.0890 44.2400 28.4910 77.1750 52.8610 16.0840 41.0620 79.6880 19.2850 
73.5200 9.7780 34.3650 52.1050 19.7110 34.2640 43.6180 28.5530 48.1420 63.2480 63.1380 62.7800 37.7650 25.8620 67.7800 13.5030 96.9680 21.1630 39.4010 102.4770 21.6860 60.4490 78.4620 63.0140 0.0000 38.5030 13.3830 89.4700 53.9890 68.5580 61.7670 76.6980 25.7480 55.2000 46.6890 81.2520 25.3320 87.0090 36.6070 68.0270 31.2920 23.3640 50.7160 21.7090 35.8050 55.9420 96.0360 74.5580 46.7270 23.2070 36.2250 9.9140 63.7910 30.7760 26.0670 84.5810 61.6800 71.3250 69.0290 43.6650 23.8980 68.9750 48.0760 75.5800 55.2290 26.7020 43.2080 19.8000 78.5380 52.3250 16.6680 47.7220 79.0660 69.7900 68.5140 27.9640 58.2990 47.6800 75.0480 15.7040 30.9690 11.0260 19.6500 17.2990 44.8150 40.7410 75.1350 76.5080 15.3450 68.8760 59.9810 35.6140 24.8450 74.0000 51.2890 37.1810 49.1880 49.9720 17.1600 76.1620 
35.5580 48.2720 47.7230 19.4000 56.6290 10.4870 57.8640 25.7920 16.5550 45.0230 66.6000 27.2080 27.5220 26.6490 36.7430 29.0630 61.6130 59.2060 5.2500 66.0930 50.9830 22.4790 54.3330 32.2140 38.5030 0.0000 45.2990 55.4710 40.6300 67.2290 37.8110 46.6710 13.8020 19.6820 56.1430 51.6300 13.5910 52.5290 19.0920 51.6850 50.4270 34.4720 24.3290 39.6060 45.3840 54.4120 61.8540 46.2470 11.8410 59.7520 40.1310 33.6500 42.9520 9.5520 45.9230 46.0800 29.7650 66.5810 40.8690 20.0350 51.0980 58.1990 9.7470 56.7570 29.8520 15.2680 10.6680 53.3320 40.2620 33.1260 53.8530 12.5930 40.5950 31.2890 48.1760 25.8620 24.4650 40.5310 46.5850 54.0810 53.4920 28.2320 39.9290 53.2130 36.2420 25.9390 41.7250 44.5860 51.6770 35.4290 38.3420 43.9100 14.3790 35.5620 46.0910 21.1520 16.1730 16.8060 55.5130 50.4960 
80.8450 12.8130 23.8470 61.5710 24.9730 43.7110 31.7180 27.1210 57.7000 75.7530 52.6610 65.9670 50.1800 24.4040 68.4340 16.2420 98.7960 23.5440 44.7010 104.9690 32.5520 65.5160 90.4390 73.3390 13.3830 45.2990 0.0000 90.6410 66.7800 59.0460 73.4440 87.4840 34.7270 63.8650 35.7950 80.5490 31.7640 88.5380 37.4020 80.8130 19.3100 36.7070 51.2450 34.9910 49.1060 47.3940 97.1340 85.7020 55.2990 28.2880 49.5960 23.1340 60.8250 36.1970 38.8730 90.5950 63.1530 62.6100 68.3920 44.5300 35.2280 62.2180 55.0290 88.2190 54.7920 30.8700 52.1690 28.6700 85.3940 50.0920 22.2850 56.2680 85.3750 75.9460 80.8670 40.4520 60.8990 60.8000 86.1670 18.0750 18.1030 17.9460 11.0740 8.7390 57.7540 39.2640 84.9290 86.7860 8.0140 70.5890 57.6650 26.7250 30.9260 80.4900 44.4280 37.2330 58.4330 53.1030 15.3140 87.8470 
42.5610 98.4690 78.2420 59.1720 109.0660 65.2800 83.4730 63.5310 60.6130 86.3530 75.5730 28.2770 80.2910 66.2370 22.2360 76.6140 9.1160 110.5190 52.0860 16.7440 105.7550 35.3110 85.3000 64.3680 89.4700 55.4710 90.6410 0.0000 87.4050 69.5870 76.2550 71.2670 68.7250 53.9400 77.7850 15.0730 65.3870 3.3120 53.4350 92.5370 84.3130 89.9420 39.4010 95.0210 100.1670 64.6180 6.5660 74.2230 56.3740 112.4790 94.3810 87.5210 36.2570 59.7340 101.3840 33.4950 27.8010 64.5250 23.9150 46.2410 106.1820 52.7140 49.5330 93.5330 36.2060 62.8660 59.4730 107.2170 39.1960 42.6890 106.0640 55.8520 35.3460 35.8330 86.1970 81.0470 31.5860 90.9220 74.1260 104.8380 88.7270 78.4660 80.8130 99.3770 87.0970 51.7460 61.6610 66.3370 98.5110 20.6490 36.6570 72.5700 65.5230 36.9600 58.5640 53.4250 58.6930 39.9970 104.6050 80.7550 
49.1930 61.1950 80.5870 28.3090 61.4980 31.6680 91.2080 61.3860 27.5900 10.0560 104.6190 61.4760 16.9810 60.7910 73.9010 54.8660 90.6650 66.1880 45.8770 92.4010 48.6120 52.6510 26.7500 26.0190 53.9890 40.6300 66.7800 87.4050 0.0000 106.5320 15.2670 31.9230 37.6630 33.4660 91.4790 88.2620 44.4970 84.1110 58.5720 14.0420 80.6500 31.7450 64.6580 36.2900 27.1670 93.2900 92.8540 28.0520 32.7940 62.8560 21.7120 44.1290 83.3260 45.8420 37.8540 63.0920 67.2540 106.5320 79.2780 60.6450 46.4340 98.7210 40.4220 21.6740 70.0320 49.5640 31.1130 54.4670 54.8070 73.7550 60.2280 32.9540 57.8090 52.6610 15.6960 26.3920 61.3490 8.3680 28.5930 63.8590 82.0610 50.6630 67.9220 71.0610 9.3710 65.7570 36.7080 34.8200 69.0560 70.7120 78.7490 78.5820 45.5030 53.6190 85.4130 60.6030 29.3370 55.7700 68.1030 26.1790 
89.7820 71.8140 35.2200 85.6800 84.0010 74.9220 30.1040 45.9430 83.5140 112.0820 8.8460 63.1610 90.7020 47.3070 53.8640 57.8130 78.5020 82.0930 62.3410 86.2340 90.1960 70.4610 121.1280 97.9550 68.5580 67.2290 59.0460 69.5870 106.5320 0.0000 104.9940 111.5680 69.4700 83.8890 24.0720 54.5540 62.4570 69.6900 48.2640 118.6480 40.6830 86.3930 47.7260 87.7760 100.4570 13.4000 74.0170 112.0670 78.2380 87.2530 98.0640 74.7740 35.2600 60.7010 93.4940 91.0450 54.9280 6.1830 48.2740 48.2090 92.4550 16.9170 72.1340 123.9790 44.6680 57.2240 77.8670 87.3190 90.9900 37.2010 81.3300 78.7040 88.5310 81.3090 115.4030 83.8520 58.4940 104.2240 112.3160 76.9690 43.9050 62.6350 49.1710 64.8290 100.0600 41.2900 104.3670 108.3090 65.4860 59.4240 37.4690 32.9530 61.5390 85.8500 21.1810 46.1970 82.7410 57.6240 73.3020 117.0400 
35.6590 70.1800 83.2880 20.0560 72.6170 31.9720 93.8370 62.2550 21.5440 10.1490 104.3500 52.5870 24.6570 62.3470 65.6540 59.3660 78.4850 76.9840 42.6580 79.4470 60.7550 43.1860 17.2420 12.1180 61.7670 37.8110 73.4440 76.2550 15.2670 104.9940 0.0000 17.1440 40.2340 23.8170 93.0160 79.1750 46.0630 72.9450 56.8950 16.3490 84.5500 42.1870 59.6350 47.5950 41.0990 92.2220 81.2220 13.7370 26.9780 74.4530 34.9930 52.4560 77.8310 45.5130 50.5180 49.2320 59.5500 104.1100 71.6400 57.1350 58.9570 95.0460 33.9710 19.3280 64.5430 50.4140 27.1450 66.1340 40.9800 69.6830 70.9160 26.6690 44.2890 40.5560 10.8220 34.1390 53.7020 22.9910 14.2790 73.8380 86.6810 55.9490 72.3380 79.0530 21.9850 63.7170 21.4880 19.6030 77.1100 61.6450 73.4390 80.3290 47.1360 40.6090 83.8880 58.9580 22.5530 49.8520 77.5040 14.4130 
28.7230 85.6040 94.2480 27.3230 89.0010 44.0870 104.5030 72.4230 30.6780 23.8240 112.1950 52.6530 41.0010 73.0740 65.7090 72.3820 71.5450 93.2020 50.5670 70.9290 77.5680 43.3730 14.3860 14.5480 76.6980 46.6710 87.4840 71.2670 31.9230 111.5680 17.1440 0.0000 53.0120 27.8180 102.7640 77.3660 57.7110 68.0630 65.0950 27.0080 96.4280 58.6780 64.1710 64.2680 58.2420 99.5690 75.2070 4.2570 34.8310 91.0100 52.1240 67.8810 80.8570 55.7320 67.5100 39.9120 60.7460 109.7850 72.2160 63.5000 75.8810 99.5880 39.6620 24.3350 68.2300 61.2190 36.7450 82.7660 32.4900 74.7170 87.1340 34.0990 36.3080 36.3450 20.0130 49.9550 55.4250 39.9830 3.8200 89.7100 99.0590 69.5980 84.8920 93.8060 39.1280 71.1750 9.6200 5.0420 91.9270 60.7580 76.8760 90.5770 58.7580 34.3410 91.0240 67.0630 30.6060 54.1140 93.0530 10.1690 
47.8240 35.4750 43.3790 26.8670 43.0330 8.9910 54.0020 23.7960 22.9770 44.7400 67.0700 40.6210 21.2670 23.1310 48.8650 19.3880 75.1890 45.8540 16.6550 79.8370 37.2510 36.2730 57.4750 38.7000 25.7480 13.8020 34.7270 68.7250 37.6630 69.4700 40.2340 53.0120 0.0000 29.5350 53.8860 63.5710 7.0150 65.8810 23.1600 50.8140 44.3230 21.8490 33.9640 26.4340 34.3910 56.1060 75.1860 51.5350 21.0110 46.0830 30.2070 19.9150 51.4580 10.5510 32.9160 59.3020 42.0130 70.0450 52.0740 27.7830 37.4940 63.5580 22.7570 57.2770 39.4640 12.2750 17.6040 39.5360 52.9450 40.3220 40.3300 22.0040 53.6820 44.5710 49.1210 15.2140 37.2590 34.7550 51.9710 40.9590 46.4860 16.7900 32.1620 41.7850 30.6080 30.1750 50.2070 52.0990 40.0570 48.3280 46.9260 40.9990 7.9410 48.5710 48.6140 24.9530 23.7760 29.0090 42.9080 54.3700 
19.6200 64.8450 67.3190 5.4460 71.2020 21.0020 77.3290 45.3420 8.3720 33.3840 84.3780 28.8310 28.9460 46.3160 41.8450 47.8480 57.4580 74.5680 22.9690 59.7900 62.6470 19.5440 37.7900 14.1870 55.2000 19.6820 63.8650 53.9400 33.4660 83.8890 23.8170 27.8180 29.5350 0.0000 75.2330 55.5520 32.3500 50.6470 37.3830 39.9770 70.1080 43.6710 36.9220 49.5640 49.8620 71.7680 59.4380 28.1920 8.5710 73.9140 43.4930 48.1660 54.5480 29.1800 54.8300 32.9430 35.7550 82.3320 47.8300 35.7280 61.9040 72.5370 11.8440 42.8850 41.4400 34.8760 12.0000 66.4460 25.3100 47.3460 68.7550 7.5970 27.1860 19.9860 34.5700 33.6800 29.9370 37.4380 28.4310 70.0400 73.1340 46.1100 59.4070 71.2530 33.9330 43.3590 22.0660 25.1650 69.5590 37.9660 50.2900 63.3120 33.3030 22.2420 63.2310 39.3210 6.6240 26.8810 72.3300 33.4670 
86.0540 48.6000 12.3250 75.5430 60.5270 61.1940 6.6770 30.7610 72.5580 98.5150 16.9030 62.2630 74.7310 30.8350 57.4690 38.1290 86.8720 58.3220 52.2700 94.2820 67.8950 66.8910 110.0310 88.3530 46.6890 56.1430 35.7950 77.7850 91.4790 24.0720 93.0160 102.7640 53.8860 75.2330 0.0000 63.9850 47.2960 76.8670 37.9520 104.6860 16.8010 67.0150 44.5870 67.3610 80.8710 15.7900 83.4350 102.3800 67.9670 63.6730 79.4980 54.2460 41.7410 47.5610 72.5180 90.9700 55.5200 28.7390 53.9720 41.4800 70.3710 32.6900 63.5910 110.9640 44.3430 42.6370 66.4910 64.4290 88.7320 36.3900 57.9830 68.6720 87.1590 78.5140 102.6320 66.5060 56.7930 87.7140 102.7230 53.3870 19.8340 42.9620 27.0660 40.9350 83.8290 33.0460 97.1210 100.3970 41.7130 62.0390 41.2050 12.8970 46.2430 83.3740 19.2920 36.1220 72.3100 52.5360 49.4760 106.4080 
49.2210 89.6340 65.6910 60.2110 100.9570 62.0540 69.9540 53.6620 60.6880 88.9260 60.7220 26.8180 78.4940 56.4510 14.8900 67.9040 23.9540 101.8330 47.2650 31.6830 99.3890 36.0200 90.6440 68.0170 81.2520 51.6300 80.5490 15.0730 88.2620 54.5540 79.1750 77.3660 63.5710 55.5520 63.9850 0.0000 58.9790 15.6620 44.6490 95.4680 72.0320 85.3890 30.6590 89.9210 96.9970 50.1530 19.7190 79.7090 55.6810 104.4590 91.7310 80.8240 22.2620 53.5620 96.4450 43.6780 21.8700 49.4540 12.2440 37.6910 100.2100 37.6620 48.1630 97.6700 26.0550 55.5020 58.0860 100.0380 47.3850 30.7550 97.9050 55.4050 43.7930 41.0480 89.7170 77.4180 27.4420 90.4510 79.7120 96.0470 76.4950 70.4980 70.1190 89.1900 86.3470 41.3150 68.0450 72.7260 88.5460 17.6010 23.7050 60.0520 58.8800 43.7490 44.6950 44.1310 58.9260 34.8750 95.1850 86.0580 
49.1410 35.0250 37.2250 30.7160 44.2140 14.0950 47.7860 16.8890 27.0840 51.2200 60.1440 37.8810 28.2600 16.4610 44.5860 15.5720 72.4010 46.3610 14.0920 77.5620 40.5390 35.1190 63.2540 43.1970 25.3320 13.5910 31.7640 65.3870 44.4970 62.4570 46.0630 57.7110 7.0150 32.3500 47.2960 58.9790 0.0000 62.7160 16.6320 57.4320 38.7850 27.3910 28.6610 31.2370 40.6280 49.0970 71.9260 56.6070 23.8650 47.5020 36.8420 22.1410 45.3760 5.6640 37.7880 59.4890 37.9660 63.0450 47.1390 22.0280 41.2440 56.7210 23.3380 63.6760 33.9860 5.2700 21.1380 41.8450 53.8410 34.0180 41.3120 24.7990 54.0790 44.7130 55.3860 21.9520 33.8250 41.7670 57.0120 41.0270 41.3510 14.7230 27.2680 39.6220 37.6100 23.4470 53.9640 56.3120 38.0920 44.7600 40.9250 34.4600 1.0740 49.0850 41.6040 18.2930 27.4520 25.4010 42.1300 59.9190 
39.3450 96.0980 76.8310 55.8900 106.5520 62.2450 82.4120 61.4720 57.3640 83.0410 75.3720 25.3210 77.1190 64.1470 20.3810 74.2730 10.3470 108.1030 49.2710 17.4280 102.9880 32.1020 82.0630 61.0620 87.0090 52.5290 88.5380 3.3120 84.1110 69.6900 72.9450 68.0630 65.8810 50.6470 76.8670 15.6620 62.7160 0.0000 51.2170 89.2290 82.7970 86.9860 37.3150 92.1160 97.0710 64.1130 9.3260 70.9860 53.1730 109.9460 91.2510 84.8290 35.6740 57.0550 98.4520 30.6560 25.4620 64.8090 22.9000 44.0390 103.3650 52.9090 46.3960 90.2500 34.4650 60.3490 56.3080 104.5610 36.1000 41.2990 103.5630 52.6380 32.2610 32.5360 82.8960 78.0160 28.8920 87.6700 70.8940 102.4490 87.1850 75.9900 78.8740 97.2770 83.8590 49.8850 58.4640 63.1470 96.3640 18.1390 35.6620 71.1650 62.8850 33.7360 57.7470 51.3060 55.4410 37.3160 102.3350 77.5130 
48.8770 45.1950 31.3450 38.1720 56.3170 26.9160 40.6060 10.7880 35.5990 63.8200 47.5230 28.9970 43.5170 13.2060 31.3870 23.3450 61.4320 57.3460 14.5670 67.5700 55.3440 30.6030 73.3890 50.8620 36.6070 19.0920 37.4020 53.4350 58.5720 48.2640 56.8950 65.0950 23.1600 37.3830 37.9520 44.6490 16.6320 51.2170 0.0000 70.4000 35.5760 43.9330 14.1710 47.4270 57.2590 35.3360 59.9720 65.0030 30.5820 59.8130 53.3490 36.7990 28.9130 13.0110 53.9410 55.8460 25.7770 47.9670 32.4410 7.1950 56.4770 40.5840 25.6580 75.7480 18.6750 11.8470 29.7600 55.5310 52.2290 17.4300 53.2680 31.1850 51.2690 42.0760 67.1860 38.3710 23.6990 57.0900 65.3110 51.5990 39.4280 25.8800 28.3940 46.1310 52.8170 7.2080 59.1810 62.5320 45.1640 33.1980 24.5730 26.6200 16.0900 46.9310 27.0870 2.0680 35.0510 16.5990 51.1750 69.4880 
51.3410 75.1220 94.0760 35.7640 74.8650 43.9040 104.7090 74.2460 36.4700 6.7510 117.2500 68.8060 30.8330 73.8710 81.7980 68.6350 94.5240 79.6500 56.8150 95.1410 61.6080 59.4550 16.3040 28.1960 68.0270 51.6850 80.8130 92.5370 14.0420 118.6480 16.3490 27.0080 50.8140 39.9770 104.6860 95.4680 57.4320 89.2290 70.4000 0.0000 94.3970 45.5930 74.7730 49.8420 39.2370 105.5690 97.4090 22.7580 41.9950 76.0000 34.6440 58.1590 93.2390 58.1060 50.7070 64.4830 75.5570 118.2390 87.6710 71.5900 59.2260 109.7620 49.3860 7.9670 79.8900 62.3160 41.3280 67.6480 56.3670 84.4780 73.7640 41.8670 59.8670 56.7640 7.0710 40.3940 69.6690 21.1730 23.1900 77.5830 95.9300 64.5370 81.7260 85.0730 23.2850 77.4750 34.7990 31.3710 83.0650 77.9120 88.7610 91.8080 58.4730 56.5160 97.4670 72.4630 37.8200 65.2590 81.9400 17.9670 
84.0930 32.0170 6.6500 69.2340 43.7790 52.7640 12.4360 25.3550 65.7510 88.6680 33.6890 63.8390 63.6690 23.8970 62.4840 25.7840 93.1170 41.5220 47.8270 100.0510 51.7920 66.1780 101.7900 81.8870 31.2920 50.4270 19.3100 84.3130 80.6500 40.6830 84.5500 96.4280 44.3230 70.1080 16.8010 72.0320 38.7850 82.7970 35.5760 94.3970 0.0000 53.2950 46.6800 52.7480 66.6750 30.3680 90.4790 95.3910 61.9930 46.8910 66.1460 39.8950 50.3190 40.9570 57.3580 91.4000 58.7630 44.8900 60.6160 41.4080 54.4020 46.6460 59.3290 101.2650 48.4230 35.3140 59.7060 47.9620 87.7140 41.6500 41.2920 62.8460 86.8410 77.6100 93.2960 54.5850 58.3240 75.8250 95.7960 36.6130 4.4680 30.1410 12.8100 24.1600 72.2640 33.6890 92.1260 94.7980 24.9120 66.0110 48.3270 12.0460 37.7230 82.4470 29.8760 34.3770 65.9410 52.0680 32.6810 98.6020 
63.2900 29.5600 54.9760 39.0030 30.4310 25.0560 65.1180 41.0970 35.3600 41.5380 82.3950 61.6720 17.6770 39.2940 70.6330 28.9630 95.9110 34.8600 38.2360 99.9960 19.3150 56.0300 57.6900 46.7520 23.3640 34.4720 36.7070 89.9420 31.7450 86.3930 42.1870 58.6780 21.8490 43.6710 67.0150 85.3890 27.3910 86.9860 43.9330 45.5930 53.2950 0.0000 55.7330 5.9260 14.0650 73.0930 96.3120 55.7890 36.6680 32.3330 12.9340 13.6230 72.7640 32.2070 11.5570 76.3320 63.7350 87.9940 73.9220 49.3340 18.2700 83.0620 41.5290 53.3890 61.1830 32.1330 32.8610 24.1100 68.9500 61.3610 28.8100 37.5540 70.5540 62.2620 47.0650 9.9910 58.7690 24.6850 56.3190 32.1530 53.6990 24.0930 40.6550 39.7810 22.3750 50.4420 59.4300 59.6480 37.7680 69.8110 68.3150 54.6360 27.8510 65.4650 66.6650 45.4600 37.0470 50.6770 36.3620 56.0990 
42.5440 59.3650 41.3220 39.6290 70.4260 34.5380 48.8440 24.1570 38.3290 68.0250 49.5740 17.7110 51.7500 26.8430 17.2470 37.5130 47.6110 71.5150 19.1690 54.0390 68.8140 23.0660 74.6860 51.1090 50.7160 24.3290 51.2450 39.4010 64.6580 47.7260 59.6350 64.1710 33.9640 36.9220 44.5870 30.6590 28.6610 37.3150 14.1710 74.7730 46.6800 55.7330 0.0000 59.8720 68.2270 36.7320 45.9090 65.0060 32.8020 73.9090 63.5600 50.2300 18.6730 23.5290 66.4230 46.3850 12.1880 45.6260 18.5760 7.0530 69.7320 35.6170 25.6860 78.9600 5.5810 24.8830 33.6580 69.3790 44.5450 10.5700 67.3830 33.0070 42.7080 34.4410 70.4070 48.6990 12.2090 64.8600 65.2090 65.7690 50.9060 39.8790 41.6100 59.9830 60.5690 13.0050 56.6800 60.7080 59.1100 19.5970 14.0910 35.8590 28.4540 39.2210 28.3100 14.0250 37.1150 10.0720 65.2910 70.3890 
69.1810 26.1570 55.1220 44.9240 25.2540 30.5880 64.8980 43.3890 41.2670 46.2570 83.2470 66.7980 23.3320 41.3160 75.2750 29.9630 101.1940 29.8990 43.0540 105.4420 13.4430 61.4900 62.6630 52.5770 21.7090 39.6060 34.9910 95.0210 36.2900 87.7760 47.5950 64.2680 26.4340 49.5640 67.3610 89.9210 31.2370 92.1160 47.4270 49.8420 52.7480 5.9260 59.8720 0.0000 14.1150 74.6280 101.4380 61.2700 42.4530 26.8770 15.6200 13.1270 76.3390 36.4160 6.5520 82.1630 68.4420 89.7610 78.2610 53.2560 12.3500 85.5360 47.0720 57.7430 65.2220 35.5870 38.6310 18.5400 74.8270 64.8110 23.9460 43.3530 76.3870 68.0160 51.8530 15.8940 63.6590 28.6850 61.8060 27.8130 52.6580 25.1560 40.4750 36.8330 26.9800 53.5910 65.2570 65.3760 34.8440 74.7260 71.9790 55.3910 31.5410 71.2870 68.6720 48.7990 42.9400 55.4410 32.4020 61.2950 
68.9960 39.8570 68.7380 44.5870 36.6050 35.0680 78.7100 55.0760 41.6230 37.0860 96.4050 72.0250 20.9170 53.3290 82.1170 42.9420 105.3980 41.5660 49.8100 108.7750 22.8390 65.2430 53.8150 48.9280 35.8050 45.3840 49.1060 100.1670 27.1670 100.4570 41.0990 58.2420 34.3910 49.8620 80.8710 96.9970 40.6280 97.0710 57.2590 39.2370 66.6750 14.0650 68.2270 14.1150 0.0000 87.1560 106.3460 54.6740 44.5080 37.2560 6.4860 26.8000 85.8370 44.9420 12.0360 82.7100 75.1430 102.0310 85.9590 62.1720 20.2190 96.8990 50.7190 47.1860 73.7690 45.6150 41.0180 29.0990 74.8020 74.6090 36.0590 45.2270 76.9900 69.6150 42.6850 19.6120 69.8090 18.8060 55.2210 40.6150 66.7190 38.0660 54.2290 50.6740 19.1250 63.9880 61.2260 60.3510 48.7080 80.6640 81.3140 68.6070 41.2150 72.1000 80.6710 58.8980 43.5370 62.1260 45.5470 53.3300 
79.2700 59.9670 24.1320 73.2070 72.3150 61.7430 22.4620 32.5430 70.8470 99.0500 12.8440 53.4230 77.3540 33.9300 46.0410 44.6920 73.7290 70.8280 49.6730 81.3330 77.6290 59.7940 108.5940 85.6830 55.9420 54.4120 47.3940 64.6180 93.2900 13.4000 92.2220 99.5690 56.1060 71.7680 15.7900 50.1530 49.0970 64.1130 35.3360 105.5690 30.3680 73.0930 36.7320 74.6280 87.1560 0.0000 69.8510 99.8380 65.6820 75.6730 84.6850 61.7020 28.4400 47.5100 80.4500 82.0120 45.6660 15.3870 41.4510 36.0830 79.7790 16.9070 59.9360 111.0660 34.6890 43.8790 65.0790 75.1040 81.0490 26.6730 69.5270 66.2050 78.9250 71.0650 102.5130 70.4520 48.3340 90.8590 100.1120 65.4650 34.2380 49.4720 36.9600 53.9760 86.7070 28.5880 92.7800 96.5450 54.3810 51.2200 29.1560 20.7100 48.1690 75.7770 8.5600 33.2690 70.1820 46.2130 62.2110 104.6000 
46.7070 105.0280 84.3350 64.7510 115.6320 71.5580 89.2540 70.0160 66.3840 91.3590 80.3960 34.6460 86.3070 72.7320 28.7010 83.1710 5.4990 117.0830 58.5630 12.7220 112.2610 41.2590 89.4160 69.2140 96.0360 61.8540 97.1340 6.5660 92.8540 74.0170 81.2220 75.2070 75.1860 59.4380 83.4350 19.7190 71.9260 9.3260 59.9720 97.4090 90.4790 96.3120 45.9090 101.4380 106.3460 69.8510 0.0000 78.3680 62.3210 119.0440 100.4950 94.0550 41.7260 66.2700 107.7770 36.2320 34.3650 68.7140 29.8970 52.7770 112.6610 57.1000 55.6450 98.0220 42.5790 69.4310 65.5170 113.7630 42.7800 48.8290 112.6300 61.7590 38.9320 40.6670 90.9240 87.3290 38.1110 96.6520 78.2350 111.4000 94.9090 85.0320 87.2400 105.8670 92.8970 58.1540 65.5900 70.2120 105.0170 27.2070 42.5120 78.6630 72.0700 41.2040 64.1570 59.9350 64.4480 46.5290 111.1460 84.9160 
31.6920 83.2720 93.4890 26.8670 86.1960 42.7330 103.8540 71.8270 29.8760 19.6540 112.3600 54.4400 38.1570 72.3190 67.5950 70.9180 74.8590 90.4930 50.4370 74.5070 74.4740 45.0270 11.0770 14.1610 74.5580 46.2470 85.7020 74.2230 28.0520 112.0670 13.7370 4.2570 51.5350 28.1920 102.3800 79.7090 56.6070 70.9860 65.0030 22.7580 95.3910 55.7890 65.0060 61.2700 54.6740 99.8380 78.3680 0.0000 34.4670 88.1000 48.6590 65.5220 82.1410 55.0260 64.2530 43.4840 62.3440 110.5100 74.0220 63.8750 72.6930 100.5700 39.9420 20.3800 69.2950 60.3830 35.9730 79.8040 35.8360 75.4890 84.4210 33.8240 39.6030 38.8690 15.7560 47.3830 56.8600 36.2250 0.5470 87.1760 97.8680 67.9120 83.6140 91.7630 35.6190 71.3130 13.0040 8.8570 89.8560 62.8200 78.0450 90.0190 57.6690 37.2680 91.3250 67.0080 30.0750 54.9360 90.6730 6.5490 
27.2520 56.4090 59.5010 7.6010 63.1310 12.7200 69.6900 37.6110 5.5280 35.2450 78.0590 29.0880 24.0210 38.3650 41.1590 39.3130 61.0350 66.3520 16.0390 64.2680 55.2180 21.0720 42.9180 20.3870 46.7270 11.8410 55.2990 56.3740 32.7940 78.2380 26.9780 34.8310 21.0110 8.5710 67.9670 55.6810 23.8650 53.1730 30.5820 41.9950 61.9930 36.6680 32.8020 42.4530 44.5080 65.6820 62.3210 34.4670 0.0000 65.9410 38.4050 39.9830 51.2480 21.0560 48.0960 39.7490 34.4650 77.1810 46.4860 30.1890 54.6990 68.0810 7.6290 46.2560 37.8970 26.6810 3.8390 58.6790 32.6790 42.7200 60.6100 0.9960 33.9840 25.6070 37.6750 26.7830 28.5660 34.8700 34.7920 61.7070 64.8920 37.5410 51.0320 62.6890 30.8760 37.0940 30.1850 32.8330 61.0010 38.2680 46.7650 55.7480 24.8380 28.8640 57.2430 32.6060 4.5040 23.3000 63.8750 38.9330 
