10
3
488
1.000000
0.100000
13.670700
0.0000 3.3660 1.4760 9.7460 3.7390 2.6130 6.5090 8.5510 2.8390 6.0360 
3.3660 0.0000 2.3760 7.6840 6.2930 2.3620 4.4850 6.8330 5.9940 2.7550 
1.4760 2.3760 0.0000 9.6420 5.1650 2.8180 6.3600 8.5940 3.6620 4.8000 
9.7460 7.6840 9.6420 0.0000 9.8580 7.1330 3.2830 1.4470 12.5210 7.7370 
3.7390 6.2930 5.1650 9.8580 0.0000 4.1830 7.1970 8.4360 4.5110 9.0180 
2.6130 2.3620 2.8180 7.1330 4.1830 0.0000 3.9090 5.9510 5.4090 4.9270 
6.5090 4.4850 6.3600 3.2830 7.1970 3.9090 0.0000 2.3560 9.3180 5.1810 
8.5510 6.8330 8.5940 1.4470 8.4360 5.9510 2.3560 0.0000 11.2730 7.3700 
2.8390 5.9940 3.6620 12.5210 4.5110 5.4090 9.3180 11.2730 0.0000 8.4410 
6.0360 2.7550 4.8000 7.7370 9.0180 4.9270 5.1810 7.3700 8.4410 0.0000 
665.3100 771.6600 511.6370 
1125.1290 1137.1680 644.2060 
0 0 1 1 1 0 1 0 1 1 
1 0 0 1 1 0 0 0 0 1 
1 1 1 1 1 0 1 1 1 1 
