10
3
262
1.000000
0.100000
6.397517
0.836392
0.0000 3.9020 11.3050 5.3190 10.2260 9.2900 9.5290 7.5910 6.4640 4.5880 
3.9020 0.0000 10.0240 6.2330 9.6440 6.5340 7.2170 5.4820 8.0640 0.7230 
11.3050 10.0240 0.0000 6.7000 2.0350 4.9390 3.6510 4.6550 7.3740 10.1890 
5.3190 6.2330 6.7000 0.0000 5.1910 6.9430 6.4430 4.8860 1.9600 6.8190 
10.2260 9.6440 2.0350 5.1910 0.0000 5.8770 4.6430 4.8390 5.5200 9.9470 
9.2900 6.5340 4.9390 6.9430 5.8770 0.0000 1.2920 2.0640 8.6190 6.4010 
9.5290 7.2170 3.6510 6.4430 4.6430 1.2920 0.0000 1.9390 7.9430 7.1950 
7.5910 5.4820 4.6550 4.8860 4.8390 2.0640 1.9390 0.0000 6.6080 5.5710 
6.4640 8.0640 7.3740 1.9600 5.5200 8.6190 7.9430 6.6080 0.0000 8.6840 
4.5880 0.7230 10.1890 6.8190 9.9470 6.4010 7.1950 5.5710 8.6840 0.0000 
685.0330 102.4080 259.5280 
776.7470 348.2550 364.4580 
1 1 1 1 1 1 1 0 1 0 
1 1 0 0 0 0 1 0 0 0 
0 1 1 1 0 0 0 1 0 1 
